903697792681566209
900840934346305539
900860897803075587
850376224396517376
904027808120352769
850389210704093184
903635650209095680
959807578799853568
903956184356540416
900885648734912515
960547004760969217
903715845741928448
900895260020264960
964692039869673472
850362063687909376
903759174613565440
900834744069476352
505079433502666752
903684820164902912
900830508963201024
903840964027998208
964422031805595648
494083743041089536
960075630757990401
959854850694623232
959800960699781122
960062457514479616
1103093991887826945
959931789648257025
850539548199104512
900860893642272768
77978167679262720
850380312345444352
904085107580993536
903734532310011904
850398295893700611
1067722518302060545
903831331565658112
850372325581180928
494060641599385601
900121866341421056
959861979790757889
903713198565728256
903708117837414400
900074549143797760
903647478691622917
503912380267364352
903823661479727105
494083502540066817
959785835255152640
494031792551510016
850409637082009602
850391723813556225
503881912596054016
941658240835837952
1104339642172751877
900831039354015744
850365318010687488
900135472222961668
959805814453260288
503947654616080384
899786471850205184
941356785054732288
900868291165511680
903593063473446912
900859232416923649
900890184971104256
903758020605337600
1097964253347229696
903664822864228352
850477094673035264
903649967239254016
960062753489776645
850366992783556610
959764101479059456
940656325868113920
1069464293173854208
503937583785578497
959825737120333824
959775662906146816
904036223752302592
903693067936559104
503910541887549441
900853361775398912
503918324846460928
959813751762505728
505087398834081792
900857901148975108
960061016813064193
503881512899461121
900886937837481987
850487672363679746
903631154636521472
900879160838561793
903734532221927425
850354141318848512
503900161538404353
850431320287301632
940656795869204488
900847676056641536
850612780428398592
850366205387051009
850364747518234624
959791549948215296
850612381940158464
900857785101037568
900878379825672193
850480792748916736
850393928864059392
900856920625618949
850420919499665410
900891095957209090
505077491984125952
900841423070777345
900857633489465344
503895702938718208
959768141483184128
903929061574983680
959820181995442176
850374201655439361
900859386951864321
850369097963536385
503920582086230016
903953380288192515
850540298832928769
900849432941314048
494054245360873472
119071258343243776
850418285405511680
850413067347349505
850358429000642562
494046611723796480
960302627006353409
1102741877131038720
903578012041535490
903575343012962304
959817541768986624
959873736605347840
900863805822914560
903964493943857152
903775010145185793
900828976674951172
903626702114435073
503922110272524288
850448568632606721
900827935904595977
850386499942047744
494047140633526272
850374609928994819
1006570390611783680
494088063459819520
1103193678812770306
959758647055339525
900330009528807424
941397630856384513
959770045080653824
494078440254230528
959903075593895936
962428011868954624
960437988743368705
959767228169228288
960007695913881600
900856868658180096
900857793581895680
959757310183616513
900835314557648897
850359530231922688
904107715722694657
494074838214918145
903697181751656448
505064772644372480
850358509141086208
959819397006204928
850402997976920064
903981306895368192
962389760034705409
900857088188043266
850414362896498689
900857291259490306
494057769415475200
903816036348305408
900877262689517568
900892716262977537
959866635694653441
494050167558242304
959849630199697408
959823480840773633
903715218789998592
903603369175945216
850455114284376064
903700379459887104
900880320307789825
900845503625269249
900857851744309250
900871792822165504
903609461771829248
1103289203276873728
900865418885246978
899371746855452672
494042751902973952
1006572943869034498
900829799043694592
900857574463033344
903574202887929856
850363748514754560
503913553040916481
940605187017920513
494102734463713280
503927715662422016
959758985753759744
903966628659986435
850418732228857860
900389925513826304
959815887992840192
494106245146501121
959755241276215296
904027176022007808
959784965943779328
900402625434333184
900831270325899264
904019826259185664
959809469407531009
960223264281911298
850361611038724096
903635155713224705
1067979625601658880
960062174998683649
900875518479925248
903729699972636672
959868703042027520
903911196797042688
959769090083770369
900842733803372545
850460201274806272
900880612319539200
903636643638333440
904064066267860998
941021650304274433
505077492923633665
850373703611424769
494053953449893888
959892296190734336
903837319123398657
503885331700006912
941442026880536576
503883808806932480
850375308972670976
959802955233878016
900894925264482305
494026182892208128
900857225605939202
850494592088592384
494061112568995845
503892207368429568
494086038235525121
959757395281915904
900843084837265409
900834722044968960
850402782268076032
850414742564995076
850547280797081600
903650672746344448
959812296720646145
903714493338935301
960520665249009664
959756146604167173
962393510933680128
959762370091417600
850405502525767680
900881251707400192
494020313756471297
850363820291768321
1102879012341321728
903603944429060096
900849412838236160
1006571908446478336
903640229113872384
850485829726240768
903623328308617216
850352191307206656
903610516219813888
1104018546261147648
1102993052187144192
900856812471279618
494109681988956160
903756859282096128
959813131559211009
903652561529524224
900889365500616704
850362864040849408
850368849920872453
1006570808892801024
900844242288996352
903640471527866368
505063611778478080
959772045130289152
899954589008621568
503929241830838274
903863614318280704
903999076634689538
494094750094340098
850432124796772353
850389561465335809
850413144602267649
904064783741181952
900840149881323522
900344950998609921
850374062580826113
900827892187226112
1102828313708556288
1096924859668475904
959905753351049219
900873396073975809
903636086508855297
1103053006054936576
1102900304729780224
850600105589653505
503900527675977728
903647245240868865
960214892509675520
959875391639846912
903691459215462400
850422933067628546
900237107641413632
850371690295152641
850613543821070336
850413412005945346
505063179949334528
900897323080921089
850402759836930049
850620428708192256
900377382745284609
494092198351482880
903737165435113472
494031440099966976
962340331017654273
903762462255849473
900857730444996608
850393049800863745
850414298270662657
494028104692957184
503883987321118720
959832153314832384
900865476363988997
959787596821028865
960172712793640961
903635876802113536
503895727291248640
850414983607463938
503919796249829376
959762246992834560
850503479948922882
959941507720527874
900854272472088580
1006571178352365568
959804375563718656
900858437847982080
1069002136653041669
850420496231534592
850390090903957505
904080861842120704
850366502465265664
903599611872288768
850412619970347008
503911025846910976
903880168766308354
1101010822657200128
505087442534137856
850626240998518785
1100083214901637126
900836897404203008
959758029523685376
962265434396479488
940654129822814209
80436768876404736
903724890850807808
900834461482446851
960159113815605249
903709239322976256
900847829014499328
903627459853209601
503901039439777792
900376814421368832
503882150689521664
494065388980666369
900839700327485440
899969801036156928
850537955785682948
1006573484342849536
850545250900647936
900850109524697088
494027488465788928
850470629493092353
959777470152171521
850414901331980288
903629264611753985
903579486695903232
850408565936455687
850361777942659074
900830866334789633
903696849634291712
903574590580023296
900875529083113472
503882054262468608
494038683381923840
959796261460299776
903671359443615745
494054368052654080
16955725543
494093012150931456
494064702532911104
900843776494755845
1098329921447956487
959901250346147841
1097613419937550336
903730603413164033
850364150823964672
903912555973926913
900396355570585600
850379690103762944
900080757712052225
494103275113701377
959801061316886530
505074607485775872
900887545642463232
959764251073220608
903595312626810881
959792917966655488
903716196985462784
899091668833640448
960540812999385088
1006572907542269953
900894074663690242
904084119126147073
494086730774216704
494072062282326016
850367896094203905
900369755076472832
494071233571741696
940674640485240832
900053693608996864
503894779848327169
900880524994064384
505084306205577216
962367486879510528
505087394908217346
903700776119357442
850362631374479360
903647708501614592
904064223042527232
940413825358188544
1006573003503742983
959780157509853184
850521856725721092
1100313585228623873
960525150570663936
903576522157641728
503907197739233281
900840882647203840
903691560348418049
959778283092103169
494063320211537920
503943411284844545
959839953529331712
959783918579970054
903750758318956544
900846556676448257
899427455349534720
503899375861374979
900851141956825088
1104402744780173313
940999283083395072
903581079415730177
903642331080994816
494069996004192258
900856978838347776
850452133229068288
959865393786511360
1103591447939436544
900859013633593344
850413124335390720
900862044563537922
1100877727664623617
900403416081588225
900894915487449088
904057338402885632
900831776901345280
900897237030580227
494065262266970112
903927806383579136
900896524963647488
903811024633155584
1069837418172420096
904042129630089218
959756403622727680
900351752301674496
959865895404257280
850417993251205121
850369291543293952
959844286865997824
900886538090934273
959862771193188352
850593002255003648
494027472691015680
1104207669802553344
900863392058982400
904072073546366976
503895840478334976
503897217086676993
959767120455323659
899372505101631489
903929871612600320
850620415034753024
850527371513872384
904082239809495040
1096924082187132929
959774403486781442
1103057371713146887
850378426242531328
903610049553203200
904000703374471169
960533200299847680
505071718499880960
904083775449157635
903586052639772672
903680899799187456
904080683412357125
941012431177838592
1006572793704648705
903952261885423616
494094758894006273
903584292558614529
900383527266639872
903733161682722816
962395988295061505
963001792521883653
900827960885874688
850355926708211712
494088684958797824
959845642691493888
494042635968217088
903601745607090179
961424891084877824
900841860536598528
850351053434486785
850393984245669888
903664232771801090
900060124311638022
900857606285041664
904081724606439424
494031144107917313
1102933090572341253
903714973393731584
1069255368545640449
903602199510605826
960016717182255104
850609713079365632
900842242738446337
1006572064847880193
959944554756456448
903821995019821056
903743722323451905
850435166506033157
900832821534760969
494076397963329537
850358047159595008
900836580490973184
494060410119544833
959822941989957634
900317738773696512
900828478806913024
850376183967604736
903701910485598209
504932561886654464
900889103830589440
850387849987985409
850563616885489664
850523223368376320
850395127281594369
494038695423782912
504933054599942144
1103310536819818496
904113106959319040
494079291018072064
959782523315408897
850484340052152321
959845283290079232
900845910766346240
850439090495422464
850374260333961217
1097419292801486848
850431098869952512
494072654081822720
900868036525273093
900323979596111873
959854003692625920
494072170931163136
900841955634143233
940672388328493057
505074745826877440
941697481217380352
1070941320758378496
904099269052960768
960231162957484032
850551915763118080
941007352073015299
850368482269167616
900840925643108352
900856580249456640
850366537051590656
903574132855644160
903835092195262464
850498206697959424
903588073958727680
904037059882618880
962392400629911552
903757032271994880
959760383899815936
494059422310989824
850414372618940416
960219120397705216
899785865135886336
960578410681643009
903578457681969154
903801676376788992
900851927562371072
959842215328657408
900864130516525056
959773121778737152
850413480456974336
900895364294881284
903593384476069888
900868439094546433
900847773788098561
903679763541254145
903580549629038592
494032386259451904
900858381241602049
900367052266811394
900839983405297664
494089975525175297
505074866723110913
850431544657412097
850624534944243712
1099641729316048896
900858248483540994
959852924376637440
494046469822111744
505078644415291393
900852947793436673
900831105712082945
900855794916364288
959771247289679872
494028252407558144
903635888336506880
900858502008143873
850441294421803008
904094694153576448
904021652681437185
850615473062293504
959827645197312000
899879460916404224
904089568999243776
960443315060690946
900839812449488896
494042515377766401
1006571910765989888
850425293789515776
900886490112286720
900848096128749568
904099321800511488
850480774327435264
904087658678374400
850362131438596096
903692477718253568
900852430753189888
494041818837704704
903742247933534208
850431646356713473
900888258254655489
1070165165268623360
850599231408586754
900381025947316224
900869938751184901
900381709929263104
850363863371571200
904098008995856386
900873438885294081
903786270152953856
850382816500219904
1069999433775902720
900867200675926017
1102908517596442625
850366754853453824
900894828891955204
904091249816240129
900861023854497794
959771237588201472
903607331786813440
900853091502886912
850620519934242816
503943963456573441
959780267530571776
903633148424179714
900853603145003013
900862877854257152
